0.0   0.0   0.0
0.0   0.05   0.0
0.0   0.1   0.0
0.0   0.15000000000000002   0.0
0.0   0.2   0.0
0.0   0.25   0.0
0.0   0.30000000000000004   0.0
0.05   0.0   0.0
0.05   0.05   0.0
0.05   0.1   0.0
0.05   0.15000000000000002   0.0
0.05   0.2   0.0
0.05   0.25   0.0396048
0.05   0.30000000000000004   0.0421808
0.1   0.0   0.0006909090909090909
0.1   0.05   0.0
0.1   0.1   0.0
0.1   0.15000000000000002   0.040369600000000005
0.1   0.2   0.062446400000000006
0.1   0.25   0.07726240000000001
0.1   0.30000000000000004   0.0853952
0.15000000000000002   0.0   0.0
0.15000000000000002   0.05   0.0
0.15000000000000002   0.1   0.0234736
0.15000000000000002   0.15000000000000002   0.0706176
0.15000000000000002   0.2   0.09477920000000001
0.15000000000000002   0.25   0.11515519999999999
0.15000000000000002   0.30000000000000004   0.1289104
0.2   0.0   0.0
0.2   0.05   0.0009599999999999999
0.2   0.1   0.0375664
0.2   0.15000000000000002   0.09465599999999999
0.2   0.2   0.1229872
0.2   0.25   0.1442832
0.2   0.30000000000000004   0.1619648
0.25   0.0   0.0
0.25   0.05   0.0
0.25   0.1   0.0870048
0.25   0.15000000000000002   0.1206688
0.25   0.2   0.1484192
0.25   0.25   0.1723392
0.25   0.30000000000000004   0.1893136
0.30000000000000004   0.0   0.0
0.30000000000000004   0.05   0.0436944
0.30000000000000004   0.1   0.0967184
0.30000000000000004   0.15000000000000002   0.1442976
0.30000000000000004   0.2   0.1715152
0.30000000000000004   0.25   0.1940096
0.30000000000000004   0.30000000000000004   0.21039839999999999
